0.00382895
0.00382895
0.00382895
0.00382895
0.00382895
0.00382895
0.00382895
0.00382895
0.00382895
0.00382895
0.00204765
0.00204765
0.00204765
0.00204765
0.00204765
0.00204765
0.00204765
0.00204765
0.00204765
0.00204765
0.00204765
0.00204765
0.00204765
0.00204765
0.00204765
0.00204765
0.00184625
0.00184625
0.000653203
0.000653203
0.000653203
0.000653203
0.000653203
0.000653203
0.000653203
0.000653203
0.000653203
0.000653203
0.000653203
0.000653203
0.000653203
0.000653203
0.000653203
0.000653203
0.000653203
0.000653203
0.000653203
0.000653203
0.000653203
0.000653203
0.000653203
0.000653203
0.000653203
0.000653203
0.000653203
0.000653203
0.000653203
0.000653203
0.000653203
0.000653203
0.000653203
0.000653203
0.000653203
0.000653203
0.000653203
0.000653203
0.000653203
0.000653203
0.000653203
0.000653203
0.000653203
0.000653203
0.000653203
0.000653203
0.000653203
0.000653203
0.000653203
0.000653203
0.000653203
0.000653203
0.000653203
0.000653203
0.000653203
0.000653203
0.000653203
0.000653203
0.000653203
0.000653203
0.000653203
0.000653203
0.000653203
0.000653203
0.000653203
0.000653203
0.000653203
0.000653203
0.000653203
0.000653203
0.000653203
0.000653203
0.000653203
0.000653203
0.000653203
0.000653203
0.000653203
0.000653203
0.000653203
0.000653203
0.000653203
0.000653203
0.000653203
0.000653203
0.000653203
0.000653203
0.000653203
0.000653203
0.000653203
0.000653203
0.000653203
0.000653203
0.000653203
0.000653203
0.000653203
0.000653203
0.000653203
0.000653203
0.000653203
0.000653203
0.000653203
0.000653203
0.000653203
0.000653203
0.000653203
0.000653203
0.000653203
0.000653203
0.000653203
0.000653203
0.000653203
0.000653203
0.000653203
0.000653203
0.000653203
0.000653203
0.000653203
0.000653203
0.000653203
0.000653203
0.000653203
0.000653203
0.000653203
0.000653203
0.000653203
0.000653203
0.000653203
0.000653203
0.000653203
0.000653203
0.000653203
0.000653203
0.000653203
0.000653203
0.000653203
0.000653203
0.000653203
0.000653203
0.000653203
0.000653203
0.000653203
0.000653203
0.000653203
0.000653203
0.000653203
0.000653203
0.000653203
0.000653203
0.000653203
0.000653203
0.000653203
0.000653203
0.000653203
0.000653203
0.000653203
0.000653203
0.000653203
0.000653203
0.000653203
0.000653203
0.000653203
0.000653203
0.000653203
0.000653203
0.000653203
0.000653203
0.000653203
0.000653203
0.000653203
0.000653203
0.000653203
0.000653203
