0.0108731
0.0108731
0.0108731
0.0108731
0.0108731
0.0108731
0.0108731
0.0108731
0.0108731
0.0108731
0.0108731
0.0108731
0.0108731
0.0108731
0.0108731
0.0108731
0.0108731
0.0108731
0.00574262
0.00574262
0.00574262
0.00168924
0.00168924
0.00168924
0.00168924
0.00168924
7.36733e-06
7.36733e-06
7.36733e-06
7.36733e-06
7.36733e-06
7.36733e-06
7.36733e-06
7.36733e-06
7.36733e-06
7.36733e-06
7.36733e-06
7.36733e-06
7.36733e-06
7.36733e-06
7.36733e-06
7.36733e-06
7.36733e-06
7.36733e-06
7.36733e-06
7.36733e-06
7.36733e-06
7.36733e-06
7.36733e-06
7.36733e-06
7.36733e-06
7.36733e-06
7.36733e-06
7.36733e-06
7.36733e-06
7.36733e-06
7.36733e-06
7.36733e-06
7.36733e-06
7.36733e-06
7.36733e-06
7.36733e-06
7.36733e-06
7.36733e-06
7.36733e-06
7.36733e-06
7.36733e-06
7.36733e-06
7.36733e-06
7.36733e-06
7.36733e-06
7.36733e-06
7.36733e-06
7.36733e-06
7.36733e-06
7.36733e-06
7.36733e-06
7.36733e-06
7.36733e-06
7.36733e-06
7.36733e-06
7.36733e-06
7.36733e-06
7.36733e-06
7.36733e-06
7.36733e-06
7.36733e-06
7.36733e-06
7.36733e-06
7.36733e-06
7.36733e-06
7.36733e-06
7.36733e-06
7.36733e-06
7.36733e-06
7.36733e-06
7.36733e-06
7.36733e-06
7.36733e-06
7.36733e-06
7.36733e-06
7.36733e-06
7.36733e-06
7.36733e-06
7.36733e-06
7.36733e-06
7.36733e-06
7.36733e-06
7.36733e-06
7.36733e-06
7.36733e-06
7.36733e-06
7.36733e-06
7.36733e-06
7.36733e-06
7.36733e-06
7.36733e-06
7.36733e-06
7.36733e-06
7.36733e-06
7.36733e-06
7.36733e-06
7.36733e-06
7.36733e-06
7.36733e-06
7.36733e-06
7.36733e-06
7.36733e-06
7.36733e-06
7.36733e-06
7.36733e-06
7.36733e-06
7.36733e-06
7.36733e-06
7.36733e-06
7.36733e-06
7.36733e-06
7.36733e-06
7.36733e-06
7.36733e-06
7.36733e-06
7.36733e-06
7.36733e-06
7.36733e-06
7.36733e-06
7.36733e-06
7.36733e-06
7.36733e-06
7.36733e-06
7.36733e-06
7.36733e-06
7.36733e-06
7.36733e-06
7.36733e-06
7.36733e-06
7.36733e-06
7.36733e-06
7.36733e-06
7.36733e-06
7.36733e-06
7.36733e-06
7.36733e-06
7.36733e-06
7.36733e-06
7.36733e-06
7.36733e-06
7.36733e-06
7.36733e-06
7.36733e-06
7.36733e-06
7.36733e-06
7.36733e-06
7.36733e-06
7.36733e-06
7.36733e-06
7.36733e-06
7.36733e-06
7.36733e-06
7.36733e-06
7.36733e-06
7.36733e-06
7.36733e-06
7.36733e-06
7.36733e-06
7.36733e-06
7.36733e-06
7.36733e-06
7.36733e-06
7.36733e-06
7.36733e-06
7.36733e-06
7.36733e-06
7.36733e-06
7.36733e-06
7.36733e-06
7.36733e-06
7.36733e-06
7.36733e-06
7.36733e-06
7.36733e-06
