0.00372586
0.00372586
0.00372586
0.00372586
0.00372586
0.00372586
0.00372586
0.00372586
0.00372586
0.00372586
0.00372586
0.00372586
0.00372586
0.00372586
0.00372586
0.00372586
0.00372586
0.00372586
0.00372586
0.00372586
0.00372586
0.00372586
0.00372586
0.00372586
0.00372586
0.00372586
0.00372586
0.00372586
0.00372586
0.00372586
0.00372586
0.00372586
0.00372586
0.00372586
0.00372586
0.00372586
0.00372586
0.00372586
0.00372586
0.00372586
0.00372586
0.00372586
0.00372586
0.00372586
0.00372586
0.00372586
0.00372586
0.00372586
0.00372586
0.00372586
0.00372586
0.00372586
0.00372586
0.00372586
0.00372586
0.00372586
0.00372586
0.00372586
0.00372586
0.00372586
0.00372586
0.00372586
0.00372586
0.00372586
0.00372586
0.00372586
0.00372586
0.00372586
0.00372586
0.00372586
0.00372586
0.00372586
0.00372586
0.00372586
0.00372586
0.00372586
0.00372586
0.00372586
0.00372586
0.00372586
0.00372586
0.00372586
0.00372586
0.00372586
0.00372586
0.00372586
0.00372586
0.00372586
0.00372586
0.00372586
0.00372586
0.00372586
0.00372586
0.00372586
0.00372586
0.00372586
0.00372586
0.00372586
0.00372586
0.00372586
0.00372586
0.00372586
0.00372586
0.00372586
0.00372586
0.00372586
0.00372586
0.00372586
0.00372586
0.00372586
0.00372586
0.00372586
0.00372586
0.00372586
0.00372586
0.00372586
0.00372586
0.00372586
0.00372586
0.00372586
0.00372586
0.00372586
0.00372586
0.00372586
0.00372586
0.00372586
0.00372586
0.00372586
0.00372586
0.00372586
0.00372586
0.00372586
0.00372586
0.00372586
0.00372586
0.00372586
0.00372586
0.00372586
0.002567
0.00142274
0.00142274
0.00142274
0.00142274
0.00142274
0.00142274
0.00142274
0.00142274
0.00142274
0.00142274
0.00142274
0.00142274
0.00142274
0.00142274
0.00142274
0.00142274
0.000954616
0.000954616
0.000954616
0.000954616
0.000954616
0.000954616
0.000954616
0.000954616
0.000954616
0.000954616
0.000954616
0.000954616
0.000954616
0.000954616
0.000954616
0.000954616
0.000954616
0.000954616
0.000954616
0.000518838
0.000518838
0.000518838
0.000518838
0.000518838
0.000518838
0.000518838
0.000518838
0.000518838
0.000518838
0.000518838
0.000518838
0.000518838
0.000518838
0.000518838
0.000518838
0.000518838
0.000518838
0.000518838
0.000518838
0.000518838
0.000518838
0.000518838
0.000518838
0.000518838
0.000518838
