0.015836
0.015836
0.015836
0.015836
0.015836
0.015836
0.015836
0.015836
0.0103964
0.0103964
0.0103964
0.0103964
0.0103964
0.0103964
0.0103964
0.0103964
0.0089415
0.0089415
0.0089415
0.0089415
0.00849334
0.00849334
0.00849334
0.00352107
0.00352107
0.00352107
0.00352107
0.00352107
0.00352107
0.00352107
0.00352107
0.00352107
0.00352107
0.00352107
0.00352107
0.00352107
0.00352107
0.00170652
0.00170652
0.00170652
0.00170652
0.00170652
0.00170652
0.00170652
0.00170652
0.00170652
0.00170652
0.00170652
0.00170652
0.00170652
0.00170652
0.00170652
0.00170652
0.00170652
0.00170652
0.00170652
0.00170652
0.00170652
0.00170652
0.00170652
0.00170652
0.00170652
0.00170652
0.00170652
0.00170652
0.00170652
0.00170652
0.00170652
0.00170652
0.00170652
0.00170652
0.00170652
0.00170652
0.00170652
0.00170652
0.00170652
0.00170652
0.00162706
0.00162706
0.00162706
0.00162706
0.00162706
0.00162706
0.00162706
0.00162706
0.00162706
0.00162706
0.000513022
0.000513022
0.000513022
0.000513022
0.000513022
0.000513022
0.000513022
0.000513022
0.000513022
0.000513022
0.000513022
0.000513022
0.000513022
0.000513022
0.000513022
0.000513022
0.000513022
0.000513022
0.000513022
0.000513022
0.000513022
0.000513022
0.000513022
0.000513022
0.000513022
0.000513022
0.000513022
0.000513022
0.000513022
0.000513022
0.000513022
0.000513022
0.000513022
0.000513022
0.000513022
0.000513022
0.000513022
0.000513022
0.000513022
0.000513022
0.000513022
0.000513022
0.000513022
0.000513022
0.000513022
0.000513022
0.000513022
0.000513022
0.000513022
0.000513022
0.000513022
0.000513022
0.000513022
0.000513022
0.000513022
0.000513022
0.000513022
0.000513022
0.000513022
0.000513022
0.000513022
0.000513022
0.000513022
0.000513022
0.000513022
0.000513022
0.000513022
0.000513022
0.000513022
0.000513022
0.000513022
0.000513022
0.000513022
0.000513022
0.000513022
0.000513022
0.000513022
0.000513022
0.000513022
0.000513022
0.000513022
0.000513022
0.000513022
0.000513022
0.000513022
0.000513022
0.000513022
0.000513022
0.000513022
0.000513022
0.000513022
0.000513022
0.000513022
0.000513022
0.000513022
0.000513022
0.000513022
0.000513022
0.000513022
0.000513022
0.000513022
0.000513022
0.000513022
0.000513022
0.000513022
0.000513022
0.000513022
0.000513022
0.000513022
0.000513022
0.000513022
0.000513022
0.000513022
