0.262402
0.0555895
0.12494
-0.00949681
-0.994486
-0.328131
0.0975948
-0.162795
0.999984
0.0992814
-0.00099561
0.357082
-0.328131
0.302932
0.72492
0.0464362
0.357082
-0.116214
0.262402
1
0.314179
-0.00288075
0.282939
0.59518
0.0464362
-0.0442991
-0.0367581
-0.0669913
0.0459299
-0.046773
0.0573338
-0.0558358
-0.0396836
-0.00810189
0.349268
0.316026
-0.0443621
-0.0681072
0.0495565
-0.0656499
0.329383
-0.0436763
-0.0652501
0.126125
-0.0361038
0.0464362
0.0119545
0.0157982
0.0464362
-0.043498
-0.0314117
-0.0493125
-0.0433189
-0.016221
-0.014822
0.0464362
-0.0146109
-0.0142434
-0.040281
-0.028033
-0.110895
-0.0607257
-0.0830378
-0.0959238
-0.0240997
-0.0486559
-0.0525524
-0.0532118
-0.0235519
-0.0249873
-0.037626
-0.0421187
-0.0260345
-0.033817
0.00483601
-0.061385
-0.0353581
-0.0471142
-0.0262915
-0.0240156
-0.0217743
-0.0513379
-0.0278158
-0.0302303
-0.0450655
-0.0185752
-0.0435315
-0.00802286
-0.0387242
-0.0612354
-0.0425041
-0.0353847
-0.0352336
0.00487176
-0.0342401
-0.00878294
-0.027114
-0.0391797
-0.0310068
-0.0359038
-0.0442299
-0.0426407
-0.00986849
-0.0455597
-0.0319345
-0.0279376
-0.0401422
-0.0472146
-0.0510465
-0.0325413
-0.00583466
-0.026086
-0.0413458
-0.0417743
-0.0381836
-0.0388882
-0.0303101
-0.0428405
-0.026589
-0.0387343
-0.042602
-0.0301397
-0.0390353
-0.0327958
-0.0337015
-0.0415549
-0.07877
0.0304226
-0.0385378
-0.0254754
-0.0415535
-0.0716912
-0.0346896
-0.0348922
-0.0133287
-0.0427129
-0.0375752
-0.0176927
-0.0315558
-0.0302691
-0.02217
-0.0379815
-0.0210003
-0.0428285
-0.0266641
-0.047208
-0.0303441
-0.0311451
-0.0377053
-0.0350591
-0.0200134
-0.0413949
-0.0128112
-0.0211506
-0.0185929
0.00733903
-0.020306
-0.0329314
-0.0298331
-0.0146695
-0.0373979
-0.0352991
-0.0298537
-0.0367016
-0.0377804
-0.0430557
-0.0165039
-0.0458404
-0.0472899
-0.0382038
-0.0436851
-0.0245769
-0.0334046
-0.0381047
-0.0412696
-0.0172283
-0.0233695
-0.00484612
-0.0437137
-0.045389
-0.0294445
-0.0209182
-0.0306091
-0.0351482
-0.033107
-0.0339595
-0.0305049
-0.0370678
-0.024164
-0.0142588
-0.0393429
-0.037764
-0.0296696
-0.0281267
-0.0446175
-0.0238536
-0.0349959
-0.0427827
-0.0490994
-0.010869
