-0.328131
0.891002
-0.00640696
-0.00847923
0.587707
0.580055
1
-0.0428949
1
0.477391
0.0265126
0.374908
-0.862762
-0.146144
-0.049251
0.587707
-0.1631
-0.282812
0.385555
0.288065
0.40407
0.0411645
0.183511
0.0572805
0.159347
0.0588993
0.373163
0.154781
0.0538151
0.134787
0.279554
0.0390723
0.178129
0.0380796
0.205185
0.387739
0.0905129
0.0329233
0.288821
0.387696
0.399202
0.350404
0.061142
0.146773
0.100327
-0.0335442
-0.030808
0.0244093
0.289914
0.0205542
0.0303315
-0.0462485
-0.0444499
-0.0404598
-0.0147892
-0.00778919
-0.0440515
0.336452
0.312277
0.0675952
0.0206207
-0.0477257
-0.0446817
-0.0472684
-0.0369708
0.0489931
0.260714
0.186948
0.282624
-0.0100007
0.297412
-0.0297967
0.0866387
-0.0200459
-0.0528609
-0.0163986
-0.0288066
-0.0402926
-0.0204291
-0.04035
-0.0316219
-0.0471619
-0.0466102
-0.0379907
-0.034492
-0.0127324
-0.028326
-0.0355374
-0.0237181
-0.0221038
-0.0481905
-0.0458001
-0.0395286
-0.0337902
-0.0424188
-0.0397583
-0.0416273
-0.023007
-0.0187903
-0.0363213
-0.0376449
0.0557023
-0.03198
-0.0406894
-0.0311029
0.35888
-0.0383657
-0.0310684
-0.0228832
-0.0422407
-0.037796
-0.0378188
-0.0306099
-0.0387278
-0.0338991
0.187358
-0.0337827
-0.0211861
-0.0400187
-0.0386619
-0.0370066
-0.0357682
-0.0177239
-0.0279158
-0.0208935
0.292149
-0.0338479
0.255908
-0.0414428
-0.0269528
-0.0257895
-0.0396843
-0.0448842
-0.030778
-0.0157213
-0.041326
-0.0402079
-0.0350513
-0.0351775
-0.027115
-0.0280609
-0.0165097
-0.044048
-0.0384186
-0.0350781
-0.00740592
-0.0361392
-0.0254086
0.204323
-0.0430978
0.179028
-0.019441
-0.0345848
-0.042354
-0.037204
-0.0445465
-0.0273432
-0.0121845
-0.0465095
-0.0263344
-0.0504391
-0.0334122
-0.0284029
-0.0372812
0.439014
-0.0369491
-0.0395388
0.298828
-0.0456352
-0.0437823
-0.0225923
-0.0344592
0.253909
-0.000223511
-0.0349468
0.267304
0.198553
0.155795
-0.0359422
-0.0465229
-0.0311669
-0.0348542
-0.0356438
-0.0247594
-0.0101399
-0.0412438
-0.033135
0.286617
-0.041107
-0.0429849
-0.0205871
-0.0201399
-0.0397341
-0.0258412
-0.03625
-0.0292259
-0.0466237
-0.0326357
-0.0400525
-0.0264288
