0.431032
0.72492
-0.156206
-0.679346
0.438227
0.446495
0.999855
0.0953323
0.253603
1
-0.0628593
0.262402
-0.15798
0.109737
0.0249399
0.917451
1
0.0979539
0.638445
0.0992814
0.00805138
0.0752553
0.0828111
-0.0917334
0.00581561
0.0396301
0.589422
-0.103622
0.0426893
0.054894
0.0786378
-0.00154797
-0.125427
-0.00133843
0.0219146
-0.0144754
0.435279
-0.0579536
0.0215599
-0.0293994
-0.0265577
-0.0396111
-0.0174715
-0.0849815
-0.0420225
-0.0457594
-0.026615
-0.0507331
-0.0423993
-0.072951
-0.0368613
-0.04836
0.0226919
-0.0221297
-0.00555117
-0.0452167
-0.0321161
-0.0390555
-0.0427569
-0.0235568
-0.0149674
-0.0307282
-0.0246783
-0.0387446
-0.0361464
-0.0359648
-0.041965
-0.0106984
-0.0458861
-0.0289687
-0.0407704
-0.0379573
-0.0223005
-0.0382373
-0.045584
-0.0333165
-0.0289866
-0.041165
-0.035711
-0.000214336
-0.0217948
-0.0157252
-0.0471354
-0.0291438
0.0193997
-0.0375939
-0.0315772
-0.037623
-0.00743226
-0.0293498
-0.024817
-0.047515
-0.0449021
-0.0110726
-0.0289111
-0.031128
-0.0204259
-0.0352115
-0.0158186
-0.038722
-0.0264024
-0.0406551
-0.00683647
-0.0273008
-0.0348069
-0.0165223
-0.0648705
-0.0369175
-0.0322131
-0.0410144
-0.0097679
0.000797103
-0.04641
-0.0152961
-0.0102273
-0.0400241
-0.0456882
-0.0257299
-0.023201
-0.032744
-0.0336676
-0.0411166
-0.0385079
-0.0402352
-0.0351732
-0.043856
-0.0347608
-0.0295841
-0.0248225
-0.0226302
-0.0383403
-0.0138651
-0.000234362
-0.0353695
-0.0366924
-0.0285376
-0.0442416
-0.0488737
-0.0255931
-0.0151956
-0.045969
-0.0385752
-0.0557961
-0.0227176
-0.0210517
-0.0226173
-0.0348549
-0.0395491
-0.0311189
-0.0279743
-0.0376967
-0.0411561
-0.0236159
-0.02687
-0.0487501
-0.0353883
-0.0470153
-0.0500788
-0.0383782
-0.023046
-0.0401493
-0.0117117
-0.0326412
-0.0336664
-0.0394042
-0.0279543
-0.0254441
-0.0122208
-0.0350231
-0.0342757
-0.0312672
-0.0468825
-0.02401
0.000459188
-0.0177041
-0.0377252
-0.0430917
-0.0449798
-0.0156304
-0.0213163
-0.0231811
-0.0381532
-0.0373578
-0.0383097
-0.0299803
-0.0302125
-0.0223755
-0.0420185
-0.0248936
-0.0352198
-0.0489303
-0.0332138
-0.0393517
-0.0034508
-0.039776
-0.0101266
-0.0480775
-0.0335746
-0.0358916
-0.031492
