0.0672802
-0.136889
1
1
-0.0566713
0.446495
0.0698421
0.430643
0.999984
0.0416125
0.454834
0.262402
0.296396
0.00372586
0.402433
-0.21371
-0.140297
0.289563
0.974206
0.771641
0.303013
0.143538
0.261488
0.14633
-0.0697092
-0.0459966
0.179789
-0.0160839
0.1336
0.0607967
-0.0468412
0.0402639
-0.0452942
0.0216178
0.0570527
-0.0493462
-0.12104
-0.0787654
-0.00520003
-0.0672668
0.0274961
-0.0206535
-0.0513439
0.0732084
-0.0687024
0.0872608
-0.0644403
-0.0461199
-0.0452566
-0.0376543
-0.0433668
-0.0640052
0.0364125
-0.0510348
-0.0169993
0.0169557
-0.0585247
-0.0553485
-0.0465154
-0.0512412
-0.0535219
-0.0619195
0.00887708
-0.0315503
-0.0361504
0.00947538
-0.0535838
-0.0510429
-0.00547833
0.000790294
-0.0177408
0.000971227
0.0980005
-0.0337625
0.0228759
-0.0468116
-0.0372905
-0.0317247
-0.0433436
-0.0162556
-0.0292468
0.0771708
-0.0303083
-0.013887
-0.0492193
-0.0276686
-0.0369958
-0.0184595
-0.0367577
-0.0278293
-0.0414942
-0.0463253
-0.0397931
-0.0492699
-0.011276
-0.0279317
0.00754038
-0.0429481
-0.0519906
-0.0597908
-0.0293537
-0.0177769
-0.0295267
-0.00484059
-0.0273543
-0.0568147
-0.0224319
-0.0402001
-0.0357214
-0.00701671
-0.0341334
-0.0331275
-0.0245126
-0.0406902
-0.0400584
-0.0135815
-0.0343675
-0.0340968
0.00938943
-0.0204666
-0.0119589
-0.0358562
-0.0286864
-0.0462986
-0.0444555
-0.0174228
-0.0413611
0.0384362
-0.0364237
-0.0331143
-0.0469251
0.0231858
-0.0414646
-0.0347592
-0.0282727
-0.0406612
-0.0231909
-0.0300132
-0.0366043
-0.0462833
-0.0274359
-0.0408247
-0.0365759
-0.0443689
0.0633443
-0.0602359
-0.0459979
-0.0480174
-0.0544221
-0.0128289
-0.0391701
-0.0283862
-0.0552665
-0.0105817
-0.0254609
-0.0281414
-0.0434582
-0.0411721
-0.0238468
-0.0318264
-0.0280383
-0.0279246
-0.0432233
-0.048506
-0.031311
-0.0226996
-0.0634902
-0.0542783
-0.0511361
-0.0488961
-0.0301039
-0.0352778
-0.0325662
-0.0226417
-0.0226098
-0.0409229
-0.00227342
0.000918175
-0.0347617
-0.0317264
-0.0253543
-0.0312457
-0.0323663
0.00768897
-0.017386
-0.0238646
-0.0216864
-0.0242441
-0.0453334
-0.0248802
-0.0100234
-0.0379071
-0.0302566
-0.0293477
-0.0335211
-0.0187711
-0.0279347
-0.0426314
-0.0406275
-0.0278074
