-0.372364
0.064622
0.402433
-0.171193
0.340728
-0.151948
0.0555895
0.870133
0.921227
0.999984
0.0796323
0.242654
1
-0.0788661
-0.0446297
0.197932
-0.00099561
0.402433
0.114642
0.00925848
0.136682
0.0939038
0.0189448
-0.00160619
0.103392
0.103065
0.0745175
-0.055299
-0.107675
-0.0684445
-0.0432811
-0.112347
0.0265813
-0.0977386
0.0414772
0.0538657
-0.031611
0.000159994
0.234052
-0.0306074
0.056879
0.263388
-0.0458258
-0.0869205
0.0229977
0.29636
-0.0354265
0.0129743
-0.0178652
0.014177
0.0074454
0.00219561
-0.0462799
0.0214895
-0.0315475
-0.0416983
-0.0623107
-0.0295022
-0.0273933
-0.0374277
-0.000371955
-0.02876
-0.017246
-0.0397712
-0.0420507
-0.0280353
-0.0411118
-0.0149172
-0.0286683
-0.0248641
-0.0408654
-0.0232824
-0.0344472
-0.0377792
-0.0445681
-0.0453707
-0.0573121
-0.0171848
-0.0411462
0.00199369
-0.0347406
-0.0380172
-0.0195015
-0.00564817
-0.0318195
-0.0133948
-0.032348
-0.020908
0.0503849
-0.0382857
-0.0271544
-0.0293012
-0.08947
0.0761391
-0.0446202
-0.0297065
-0.038148
-0.0384318
-0.0153206
-0.0108537
-0.0305586
0.103866
-0.0147104
-0.05139
-0.0197241
0.0563612
-0.00493211
-0.0321066
-0.00228268
-0.0369151
-0.0312891
-0.00138072
-0.0360696
-0.0318438
-0.0359572
-0.0393019
-0.0361284
-0.0441799
-0.0196783
-0.0295179
-0.0420905
-0.0305444
-0.0170322
-0.0468892
-0.0329365
-0.00370576
-0.015776
-0.01494
0.00377951
-0.0118475
-0.0352086
-0.0440087
-0.0368822
-0.0432141
-0.027502
0.00151041
-0.0310219
0.0144188
0.0240317
-0.0349909
-0.0257536
-0.0391141
-0.0395845
-0.0531193
0.0501196
-0.0208125
-0.0494571
-0.0297008
-0.0404743
-0.00396007
-0.0508477
-0.0131346
-0.0256968
-0.0140706
-0.00219892
-0.0155753
-0.0283926
-0.0375675
-0.0528553
-0.0261863
-0.000252412
-0.0399462
0.089738
-0.0305879
-0.0164213
-0.0468218
-0.0242066
-0.01879
-0.0181978
-0.0244134
-0.00719538
-0.0172074
-0.029574
-0.0167223
-0.033463
-0.0533169
-0.0569235
-0.0490948
-0.0394333
-0.0829156
-0.0218912
-0.0338706
-0.016376
-0.0414006
-0.0363122
-0.0435945
-0.0335233
-0.0343332
-0.000107616
-0.0368889
-0.0185882
-0.0280443
-0.0330293
-0.0517217
-0.0323801
-0.033429
-0.014051
-0.0323839
-0.0169787
-0.0245218
