0.569901
0.999984
0.200636
-0.220665
1
-0.271965
0.072581
0.638445
0.129368
1
1
0.0555895
0.643377
0.162353
1
0.114498
0.072581
0.140062
0.402433
-0.0159013
0.227249
0.134893
0.158223
0.14492
0.331515
0.0398567
0.414769
0.234808
0.366531
0.0772976
0.273515
0.188152
0.131733
0.135327
0.054186
-0.0726208
0.0120668
0.00414071
-0.0346971
0.00949407
0.0251736
-0.0480839
0.0033399
0.000521045
0.0718114
0.368104
0.00844081
-0.0587773
0.00716685
-0.0127849
-0.019102
-0.0014759
-0.057923
-3.3952e-05
-0.0579977
-0.0250771
-0.00037736
-0.0250271
-0.0171403
-0.0242125
-0.0344911
-0.0271287
-0.0367798
-0.0193434
-0.0443137
-0.0230862
-0.0155604
-0.0489741
-0.0206612
-0.0267532
-0.0413062
0.332908
-0.0320505
-0.0446829
-0.0213029
-0.0291526
-0.0267496
-0.0364957
-0.0424955
-0.0394845
0.254092
-0.0134974
-0.0445848
-0.00844318
0.00212336
-0.0400439
-0.0110703
0.425151
-0.0264614
0.296596
0.308082
-0.0225776
-0.0203874
-0.0176041
-0.0255989
-0.0419916
-0.0244518
-0.0370867
0.0129426
-0.0116246
-0.0297329
-0.0370934
-0.011117
-0.032548
-0.0286928
-0.0314975
-0.0446928
-0.0212041
-0.00158229
-0.0274657
0.00180071
-0.0295138
-0.0178515
-0.0327738
-0.0132059
-0.0543058
-0.0175306
-0.0392747
-0.0372542
-0.00930776
-0.0247779
-0.0349754
-0.029425
-0.0542541
-0.0379112
-0.0238031
-0.0217055
-0.0283872
-0.0175712
-0.0229793
-0.0308455
-0.0136602
-0.0239125
-0.0374531
-0.0161833
-0.0391507
-0.0391167
-0.0247166
-0.0285187
-0.0109527
-0.019249
-0.0381807
-0.0526236
-0.0488263
-0.0232345
-0.0326411
-0.0418599
-0.0155388
-0.0463956
-0.0340913
-0.0592323
-0.0252702
-0.0322123
-0.0493505
-0.023007
-0.0175956
-0.00565396
-0.027653
-0.032385
-0.0204788
-0.034496
0.0064629
-0.0355531
-0.0457338
-0.0447312
-0.0495865
-0.0285555
-0.0296522
-0.0144288
-0.0357014
-0.0239569
-0.0346851
-0.0353664
-0.0329434
-0.0360528
-0.0285485
-0.0261491
-0.0256557
-0.0437976
-0.0147148
-0.0336562
-0.0341412
-0.03719
-0.0343933
-0.0160787
-0.0177877
0.00854207
-0.0329119
-0.0366605
-0.00451232
-0.0275667
-0.0256167
-0.0186501
-0.035985
-0.0456534
-0.02511
-0.0283461
-0.0400379
-0.0421049
-0.0212128
