-0.136889
-0.180871
-0.873006
-0.238742
0.466986
1
0.0992814
0.302932
0.0953323
0.995132
0.262402
0.293547
1
0.310337
-0.208421
0.522956
0.771641
0.225309
0.332743
0.999984
0.232174
0.973948
0.434605
0.469904
0.219872
-0.0665964
0.335239
-0.00105488
0.1321
-0.11908
0.228671
0.0592327
0.177428
-0.054949
0.153449
0.10909
0.315415
0.0743321
-0.0551238
-0.155022
0.306069
0.382574
0.13818
0.0676924
0.0438477
-0.124349
-0.0705417
0.000932488
0.377037
-0.112966
-0.063159
-0.0281384
-0.04563
-0.0466652
0.0012809
0.0293539
-0.0503812
-0.0639602
0.00343006
-0.0199088
-0.0699688
-0.0676777
-0.0308213
-0.0464819
-0.0536816
-0.0579695
-0.0370757
-0.0167856
-0.0521988
-0.0266092
0.0247508
-0.0530449
-0.0126704
-0.0334082
-0.0426596
-0.0566209
-0.0280822
-0.0441863
-0.0375307
-0.0450172
-0.0432227
0.00920793
-0.0136022
-0.0377125
-0.0452245
-0.0494904
-0.0308751
-0.0332377
-0.056477
-0.0233334
-0.0149486
-0.0374942
-0.035465
-0.0451126
-0.00347665
-0.0323905
-0.0553744
-0.0352494
-0.00107435
-0.0410892
-0.0154854
-0.0182501
-0.030914
-0.0386632
-0.022999
-0.0295064
-0.0359815
-0.0408273
-0.0452978
-0.026765
-0.0446039
-0.0364358
-0.035854
-0.048475
-0.0244568
-0.0376229
-0.0484536
-0.0552866
-0.054066
-0.0186785
-0.0495808
-0.0384751
-0.0477864
-0.0261382
-0.0269643
-0.0159985
-0.0296461
-0.0447601
-0.0449397
-0.0357825
-0.0312189
-0.0445679
-0.0461756
-0.0500522
-0.0343593
-0.0460657
-0.0350532
-0.0427093
-0.030386
-0.00309
-0.0354268
-0.0382384
-0.0401838
-0.043891
-0.0176099
-0.0437301
-0.0419784
-0.0343213
-0.0350087
-0.0110631
-0.0107712
-0.0477979
-0.0455157
-0.0297218
-0.0316159
-0.0431244
-0.0517997
-0.0334593
-0.0229048
-0.0227955
-0.0270745
-0.0355452
-0.0295752
-0.0164771
-0.0493001
-0.0293045
-0.0333958
-0.0160134
-0.0566746
-0.0578481
-0.0223185
-0.041309
-0.0274443
-0.0243008
-0.0206475
-0.0188052
-0.0241746
-0.0296008
-0.00165109
-0.039031
-0.0252681
-0.0324787
-0.0180158
-0.00390051
-0.0286277
-0.0447763
-0.0193222
-0.0199811
-0.0207991
-0.0372611
-0.0350478
-0.0439944
-0.0106418
-0.0451705
-0.0243053
-0.0129118
-0.0168467
-0.0433775
-0.0492975
0.00764819
