-0.196496
1
0.999984
0.483838
0.771641
0.569901
0.0204611
-0.979728
0.638445
0.231063
0.293547
0.0904368
0.591712
1
0.0508629
0.0195998
0.0539439
-0.159657
0.771641
0.0239656
0.262536
-0.135109
0.0822192
-0.003925
0.298586
0.3644
-0.0803243
0.0419022
0.33653
0.259901
-0.0524291
0.135506
-0.000488787
0.0292865
-0.00538404
0.0136312
0.394709
-0.0185544
-0.0798753
-0.0355267
-0.0102738
-0.00805435
-0.0135218
0.0356379
-0.0467554
-0.0270327
-0.0570947
-0.0331974
0.00354191
-0.00603585
-0.0247595
-0.0270482
-0.0292364
-0.0439373
-0.049523
-0.0281325
-0.041017
-0.0413032
-0.0335444
-0.0360883
-0.00935092
-0.00120398
-0.0393032
-0.0456282
-0.0256066
-0.0208785
0.0113158
0.204491
0.11863
-0.0429994
-0.048378
-0.0320721
-0.0713946
-0.0254407
-0.032079
-0.0301428
-0.0453435
-0.0386701
-0.0334118
-0.0325054
-0.0402067
-0.0450868
-0.0196166
-0.0271911
0.0579553
-0.0173353
-0.0360548
-0.0344214
-0.0408382
-0.0428917
-0.0257333
-0.0127675
-0.0291793
-0.0282921
-0.040137
-0.0327714
-0.0617496
-0.0448616
0.0035796
-0.0349063
-0.038085
-0.00228986
-0.0432793
-0.0252602
-0.0329163
-0.0244272
-0.0433426
-0.0547107
-0.0460653
-0.018525
-0.0284124
0.420284
-0.0256252
-0.0275249
-0.0294063
-0.0300934
-0.0225022
-0.0124149
-0.0287182
-0.0306147
-0.032046
-0.0337511
-0.0335226
-0.0298081
-0.0115208
-0.0367924
-0.021448
-0.0255758
-0.00848202
-0.0341128
-0.0296437
-0.0398413
-0.0643631
-0.0336538
-0.0353578
-0.0248288
-0.0362513
-0.0294763
0.000924623
-0.0215393
-0.0782042
-0.0686301
-0.0395168
-0.0578149
-0.0283401
-0.0329041
-0.0290348
-0.0332375
-0.00462655
-0.0219448
-0.0152961
-0.0426932
-0.026585
-0.0609886
-0.0189969
-0.0362396
-0.0189188
-0.0468241
-0.0384946
-0.0455595
-0.0309168
-0.0398597
-0.00596349
-0.0357502
-0.0423648
-0.0240367
-0.0215245
0.0172021
-0.0358259
-0.0196491
-0.0199379
-0.0315525
-0.0256993
0.00410057
-0.0595173
-0.009092
-0.0275491
-0.0429312
-0.0110626
-0.00769096
-0.0239821
-0.0241902
-0.0285051
-0.0388572
-0.0128844
-0.0431932
0.00257324
-0.0175112
-0.0338314
0.00272101
-0.0295139
-0.0151235
-0.0189233
-0.0141309
-0.0330182
-0.0455177
-0.0156683
-0.0360003
-0.0368725
-0.0247824
