0.987398
0.2501
0.803244
0.889789
0.00372586
1
1
0.518903
0.458363
0.771641
0.574513
-1
1
-0.873006
0.0343923
0.999984
1
0.0683827
0.771641
0.173484
0.221109
0.143469
0.230436
0.431679
0.0321683
0.217157
0.514407
-0.0418669
0.0143648
0.0933345
0.404095
0.171768
0.39089
0.103237
0.118517
0.0353722
0.132858
-0.0677772
0.092318
0.0206063
0.13696
-0.0633354
0.0551192
-0.0140435
-0.0429858
0.0479209
-0.0541009
0.012072
-0.0109684
-0.0226955
-0.0691944
-0.0308906
-0.00491801
-0.0430721
-0.0198017
-0.0498363
-0.0503293
-0.0334701
-0.0432427
-0.0404506
-0.0207936
-0.0381928
-0.045353
-0.0195986
-0.0319568
-0.0523228
-0.0548906
-0.030689
-0.0421157
-0.0477145
-0.0192359
-0.0499664
-0.0221717
-0.0363665
-0.041145
-0.0417781
-0.0525328
-0.0417483
-0.0191312
-0.0286705
-0.0417132
-0.0221613
-0.0428595
0.041049
0.0145068
-0.038215
-0.0531299
-0.039357
-0.0443593
-0.032839
0.0412306
-0.0396457
-0.0235889
-0.0363261
-0.0473935
-0.0462964
-0.0257318
-0.0294541
-0.0252178
-0.0363232
-0.0352873
-0.0376602
-0.0464523
-0.0349573
-0.0106501
-0.0196506
-0.0321116
0.0342347
-0.0332403
0.0740168
-0.0136739
-0.000631321
-0.0075492
-0.034996
-0.0446506
-0.0339567
-0.022374
-0.0142832
-0.0264546
-0.00636825
-0.0349986
-0.0424877
-0.0476814
-0.0367113
-0.0345519
0.0162002
-0.0269871
-0.0267042
-0.0351177
-0.0379371
-0.0450721
-0.0278492
-0.0303625
-0.0360233
-0.0337092
-0.0393123
-0.0421631
-0.0428662
0.0827455
-0.00367608
-0.0530293
-0.0563986
-0.0444487
-0.0206609
-0.0320189
-0.00111222
-0.0275187
-0.0239339
-0.0284653
-0.0230119
-0.0404953
-0.0593776
-0.0158864
-0.028721
-0.0412706
-0.0146398
-0.0362641
-0.0221057
-0.00803978
-0.0314823
-0.0149667
-0.0322711
-0.0468939
-0.0192265
-0.0220026
-0.0252733
-0.0599422
-0.0394092
-0.0355328
-0.0322166
-0.0348688
-0.0480775
-0.00549621
-0.032622
-0.0308306
-0.00255982
-0.0133182
-0.0454792
-0.0184075
-0.0262479
0.0979579
0.0119898
-0.0221069
-0.0276382
-0.0170131
-0.0304175
-0.000577827
-0.0191876
0.0329014
-0.0325184
-0.0347168
-0.0368347
-0.0174892
-0.0576153
-0.0330337
-0.0227386
-0.0404325
-0.0395016
-0.0474942
-0.0333343
