0.235937
-0.677691
0.891002
0.303061
0.0249399
0.391503
0.443157
0.235146
-0.989469
0.402433
0.311531
0.0553558
0.262402
0.192843
0.236298
0.402433
0.399132
0.0462449
0.253603
0.72492
-0.0626566
0.0118173
0.0545881
-0.0298276
-0.0307031
0.395171
0.0521696
-0.0681644
0.166259
0.192227
0.00682288
0.101845
-0.0571261
0.112583
0.485923
-0.0476174
-0.0985447
0.127979
-0.0242222
-0.0986481
0.0069247
0.0193189
0.00273417
0.0450011
0.00172866
0.016601
-0.0508849
-0.0464013
-0.0108613
-0.0464756
-0.0467941
-0.0156919
-0.0383509
-0.0339133
-0.0406754
-0.022646
-0.0467932
-0.0588699
-0.0366521
-0.0156512
-0.0167026
-0.0142546
-0.00649023
-0.0343004
-0.0218611
-0.0740104
-0.0636368
0.0102849
-0.0483825
-0.0283646
-0.0356512
-0.0251798
-0.0317941
-0.017005
-0.0260443
-0.0179138
-0.0362452
0.00995805
-0.0434078
-0.0464657
-0.0243853
-0.0333531
-0.0426156
-0.0363993
-0.0433325
-0.0282533
-0.0525497
-0.0228994
-0.0289656
-0.0432529
-0.0233672
-0.036783
-0.0204067
-0.0149379
-0.0648227
-0.0350848
-0.0337762
-0.0236606
0.0157371
-0.0344214
-0.0247907
-0.0337095
-0.0310692
-0.0189668
0.00430221
-0.0388533
-0.0287855
-0.044202
-0.0428215
-0.0490426
0.0053641
-0.0351412
-0.0394791
-0.0139236
-0.0318869
-0.0224808
-0.0238411
-0.0290883
-0.013139
-0.0161415
-0.0396613
-0.0377918
-0.0397375
-0.0417198
-0.0120969
-0.0214192
-0.0187522
-0.0173649
-0.035432
-0.0334696
-0.0384627
-0.0273761
-0.0254737
-0.0385197
-0.0331985
-0.0317794
-0.0173348
-0.0237839
-0.040078
-0.0131094
-0.03614
-0.0249207
-0.04746
-0.0284059
0.00198028
-0.0371028
-0.0359523
-0.00911636
-0.016538
-0.032756
-0.0348545
-0.0208726
-0.0358741
-0.0471878
-0.00613665
-0.016746
-0.0325276
-0.0432614
-0.0309097
-0.0187238
-0.0207656
-0.0323965
-0.0190904
-0.00528261
-0.0365674
-0.0364417
-0.0311728
-0.0279622
-0.0283452
-0.0216002
-0.0250492
-0.0338628
-0.0270671
-0.0150282
-0.00253405
-0.032955
-0.0165163
-0.0325266
-0.0308103
-0.0398287
-0.0120357
-0.0150155
-0.0232558
-0.0363567
-0.0188984
-0.0214257
-0.0479427
-0.0365257
-0.0203768
-0.0447488
-0.0296464
-0.0280739
-0.0340232
-0.0299438
0.00350405
-0.0346412
-0.0238651
0.00538325
-0.0230014
-0.0133125
