
0.169995
0.212392
0.28626
0.478096
0.357183
0.274417
0.274375
0.263164
0.354843
0.263327
0.284935
0.258362
0.258362
0.153665
0.26436
0.26436
0.271786
0.264628
0.264628
0.271786
0.264573
0.300828
0.266638
0.26638
0.262804
0.267633
0.267209
0.266954
0.266638
0.265306
0.265306
0.265085
0.265926
0.28936
0.275293
0.256192
0.270922
0.265085
0.269387
0.269387
0.26731
0.26731
0.300828
0.261565
0.261565
0.290323
0.290323
0.278543
0.278543
0.264573
0.284935
0.284935
0.277387
0.274049
0.274049
0.265128
0.265128
0.277387
0.277387
0.292515
0.27533
0.27533
0.278136
0.270605
0.270605
0.271959
0.271959
0.287372
0.287372
0.264807
0.264807
0.28316
0.279955
0.279955
0.273966
0.273966
0.279712
0.279712
0.264747
0.270546
0.266362
0.261254
0.266989
0.264747
0.28316
0.278136
0.292515
0.292515
0.276827
0.293239
0.293239
0.277863
0.276809
0.263982
0.263982
0.251825
0.251825
0.252998
0.268413
0.252998
0.272601
0.278553
0.266758
0.257747
0.269685
0.269561
0.272601
0.28426
0.28426
0.276809
0.27867
0.27867
0.276672
0.274329
0.269148
0.267825
0.276169
0.273427
0.27408
0.274329
0.262571
0.262571
0.26579
0.26579
0.277911
0.290032
0.272954
0.281059
0.278148
0.272144
0.277911
0.278966
0.278461
0.272379
0.278966
0.276672
0.287058
0.264439
0.264439
0.269142
0.269142
0.270625
0.270625
0.270484
0.270484
0.26027
0.266969
0.26027
0.287058
0.272598
0.273709
0.273709
0.272553
0.266663
0.276706
0.272553
0.272598
0.277863
0.296032
0.296032
0.284006
0.25631
0.258214
0.258214
0.269787
0.269787
0.273288
0.265702
0.264935
0.281814
0.280687
0.282683
0.273288
0.25631
0.256973
0.256973
0.276667
0.276667
0.264073
0.273439
0.273439
0.264073
0.284006
0.276827
0.276827
0.284029
0.268617
0.266071
0.266071
0.271879
0.276785
0.276785
0.275237
0.26682
0.268649
0.261625
0.25986
0.26867
0.275237
0.272165
